2 0.45625 0.9359375 0.06484375 0.09921875
2 0.41015625 0.86328125 0.04921875 0.128125
2 0.43828125 0.72890625 0.06796875 0.12421875
2 0.4265625 0.5109375 0.04609375 0.1265625
2 0.4578125 0.37890625 0.05703125 0.10625
2 0.48984375 0.234375 0.05625 0.07578125
2 0.52578125 0.0921875 0.065625 0.1203125
0 0.4734375 0.296875 0.04296875 0.08984375
0 0.50546875 0.17109375 0.04140625 0.06953125
0 0.45546875 0.08359375 0.040625 0.090625
2 0.49296875 0.00625 0.04765625 0.01171875
0 0.49140625 0.52890625 0.04296875 0.09140625
2 0.49921875 0.80625 0.0484375 0.13203125