0 0.43125 0.515625 0.05234375 0.09140625
0 0.803125 0.49140625 0.07265625 0.11875
0 0.8828125 0.3140625 0.04609375 0.06953125
0 0.60859375 0.5078125 0.053125 0.07578125
2 0.37890625 0.4703125 0.07265625 0.10390625
2 0.4796875 0.4140625 0.0796875 0.11328125
2 0.1609375 0.46796875 0.10390625 0.11484375
2 0.65703125 0.40625 0.0921875 0.09375
2 0.84453125 0.39296875 0.07265625 0.09453125
2 0.54609375 0.465625 0.0609375 0.09296875
2 0.25859375 0.41171875 0.07265625 0.11171875
2 0.06953125 0.4046875 0.07578125 0.11171875