2 0.05859375 0.584375 0.07734375 0.10625
2 0.078125 0.4609375 0.07109375 0.09375
2 0.16640625 0.52890625 0.08125 0.11171875
2 0.259375 0.4671875 0.06796875 0.0953125
2 0.33359375 0.52421875 0.06328125 0.09609375
0 0.41953125 0.525 0.05859375 0.08515625
0 0.471875 0.48359375 0.02890625 0.053125
0 0.55546875 0.68671875 0.0390625 0.0484375
0 0.6390625 0.66875 0.07578125 0.0703125
2 0.79921875 0.609375 0.08125 0.1
2 0.86484375 0.6640625 0.07734375 0.07578125
2 0.96640625 0.6140625 0.0671875 0.103125