2 0.0390625 0.434375 0.06328125 0.10625
2 0.11015625 0.48671875 0.06953125 0.109375
2 0.18046875 0.53671875 0.0515625 0.0765625
2 0.0328125 0.5546875 0.065625 0.06875
2 0.2046875 0.415625 0.11328125 0.11484375
2 0.35625 0.5296875 0.09453125 0.10390625
2 0.39453125 0.4359375 0.1203125 0.10546875
2 0.5671875 0.4140625 0.10078125 0.08828125
2 0.7359375 0.534375 0.11484375 0.103125
2 0.78125 0.42578125 0.0984375 0.09609375
0 0.871875 0.37890625 0.06796875 0.0953125
0 0.6609375 0.36796875 0.0453125 0.06875
0 0.640625 0.5734375 0.04765625 0.06484375
0 0.2765625 0.60625 0.05234375 0.07109375