0 0.55 0.05078125 0.04609375 0.0984375
0 0.44296875 0.41875 0.03515625 0.10625
0 0.51875 0.94140625 0.05078125 0.06875
2 0.4953125 0.01171875 0.059375 0.0234375
2 0.46484375 0.09921875 0.0515625 0.1203125
2 0.525 0.178125 0.05234375 0.1234375
2 0.5 0.28203125 0.0546875 0.10546875
2 0.48359375 0.371875 0.040625 0.11015625
2 0.56953125 0.2984375 0.0359375 0.121875
2 0.5421875 0.43359375 0.04921875 0.16015625
2 0.5796875 0.61015625 0.0390625 0.15546875
2 0.5515625 0.734375 0.04296875 0.16015625
2 0.484375 0.75390625 0.05078125 0.17421875
2 0.4578125 0.51875 0.04140625 0.11640625