2 0.0296875 0.48125 0.059375 0.109375
2 0.0734375 0.51640625 0.0578125 0.09609375
2 0.13046875 0.54609375 0.07421875 0.0984375
0 0.146875 0.4234375 0.06640625 0.09453125
0 0.39609375 0.4296875 0.06796875 0.0890625
0 0.2765625 0.3859375 0.04609375 0.07890625
0 0.49375 0.346875 0.04609375 0.06171875
0 0.31796875 0.5984375 0.04140625 0.06484375
2 0.23671875 0.46796875 0.10234375 0.134375
0 0.7515625 0.36875 0.084375 0.12109375
0 0.9421875 0.353125 0.053125 0.075
0 0.853125 0.43359375 0.05859375 0.08125
2 0.3390625 0.40390625 0.0625 0.0859375