2 0.47734375 0.96484375 0.0421875 0.0703125
2 0.47578125 0.8359375 0.04453125 0.15390625
2 0.5078125 0.90703125 0.028125 0.1203125
2 0.50625 0.71796875 0.03046875 0.13046875
2 0.47265625 0.66328125 0.04296875 0.12890625
2 0.5046875 0.5484375 0.04453125 0.1265625
2 0.47265625 0.49765625 0.03984375 0.11171875
2 0.496875 0.39375 0.04765625 0.13359375
2 0.47109375 0.32578125 0.04140625 0.11484375
2 0.49296875 0.234375 0.04453125 0.11875
2 0.46875 0.165625 0.03984375 0.11640625
2 0.4875 0.0890625 0.03984375 0.1109375