2 0.04921875 0.44921875 0.07421875 0.0734375
2 0.14453125 0.45078125 0.0828125 0.075
2 0.09296875 0.496875 0.0578125 0.0484375
2 0.20078125 0.50703125 0.0671875 0.06171875
2 0.29140625 0.49453125 0.08671875 0.0796875
2 0.325 0.4515625 0.06953125 0.07421875
2 0.3984375 0.5015625 0.07890625 0.08515625
2 0.4203125 0.4484375 0.05859375 0.0640625
2 0.49140625 0.50234375 0.08203125 0.075
2 0.5203125 0.453125 0.0828125 0.075
2 0.58359375 0.503125 0.06171875 0.06953125
2 0.62890625 0.46171875 0.08984375 0.084375
2 0.75234375 0.4859375 0.0953125 0.08828125
2 0.86484375 0.48359375 0.07734375 0.08046875
2 0.96171875 0.49296875 0.07109375 0.0984375