2 0.02578125 0.4453125 0.0359375 0.0546875
2 0.11484375 0.45390625 0.07421875 0.078125
2 0.20234375 0.459375 0.0828125 0.0859375
2 0.29609375 0.46640625 0.09296875 0.08984375
2 0.39765625 0.47421875 0.08828125 0.08046875
2 0.46796875 0.53046875 0.06484375 0.06953125
2 0.4953125 0.48046875 0.07734375 0.065625
2 0.565625 0.5359375 0.08671875 0.08203125
2 0.59140625 0.4875 0.0765625 0.06953125
2 0.68046875 0.5546875 0.06015625 0.06484375
2 0.70234375 0.4984375 0.07421875 0.0703125
2 0.7734375 0.55703125 0.06015625 0.059375
2 0.79765625 0.509375 0.053125 0.0640625
2 0.84609375 0.553125 0.05078125 0.06640625
2 0.90703125 0.521875 0.06328125 0.06484375
2 0.95703125 0.56328125 0.06796875 0.06640625
2 0.98125 0.51953125 0.03671875 0.059375