2 0.0515625 0.45546875 0.0734375 0.08046875
2 0.14765625 0.465625 0.08203125 0.08359375
2 0.09609375 0.50703125 0.05703125 0.0546875
2 0.20390625 0.528125 0.06640625 0.06953125
2 0.29453125 0.525 0.0859375 0.0890625
2 0.328125 0.48515625 0.06875 0.08046875
2 0.4015625 0.54296875 0.078125 0.09296875
2 0.4234375 0.49296875 0.0578125 0.0703125
2 0.49453125 0.55390625 0.08203125 0.08359375
2 0.52265625 0.50703125 0.08203125 0.08359375
2 0.58671875 0.56328125 0.0609375 0.07578125
2 0.63203125 0.528125 0.0890625 0.09375
2 0.75546875 0.5640625 0.09453125 0.0984375
2 0.86796875 0.5734375 0.07734375 0.08828125
2 0.9640625 0.5921875 0.071875 0.10625