2 0.515625 0.984375 0.06328125 0.03046875
2 0.4640625 0.9375 0.04765625 0.125
2 0.484375 0.8109375 0.06640625 0.13125
2 0.459375 0.58984375 0.04453125 0.13203125
2 0.4828125 0.46171875 0.05546875 0.11171875
2 0.50546875 0.321875 0.05546875 0.08125
2 0.53203125 0.18515625 0.06484375 0.128125
0 0.49296875 0.38203125 0.0421875 0.09453125
0 0.5171875 0.2609375 0.040625 0.07421875
0 0.46171875 0.1640625 0.03984375 0.0953125
2 0.49375 0.08515625 0.046875 0.03359375
0 0.52578125 0.61875 0.0421875 0.09609375
2 0.55078125 0.89921875 0.04765625 0.13828125