0 0.2078125 0.5234375 0.07734375 0.0953125
0 0.47109375 0.303125 0.065625 0.08359375
0 0.5796875 0.28203125 0.05625 0.07890625
0 0.75234375 0.259375 0.0546875 0.08828125
2 0.0390625 0.41328125 0.07734375 0.10546875
2 0.103125 0.45234375 0.075 0.1265625
2 0.17734375 0.37890625 0.08359375 0.09375
2 0.25703125 0.42734375 0.09296875 0.1140625
2 0.80703125 0.3328125 0.0890625 0.09609375
2 0.95546875 0.30703125 0.059375 0.0859375
2 0.9390625 0.42578125 0.07734375 0.1
2 0.74296875 0.44609375 0.10859375 0.0890625
2 0.60625 0.49609375 0.0921875 0.07109375
2 0.02734375 0.55 0.0546875 0.0875