0 0.20390625 0.54921875 0.078125 0.08671875
0 0.46875 0.3578125 0.06640625 0.07578125
0 0.57734375 0.35 0.05703125 0.071875
0 0.75 0.346875 0.05546875 0.08125
2 0.0375 0.41953125 0.075 0.096875
2 0.1 0.46640625 0.07578125 0.11953125
2 0.175 0.40078125 0.08359375 0.084375
2 0.25390625 0.45859375 0.09375 0.10390625
2 0.80390625 0.4265625 0.08984375 0.0859375
2 0.953125 0.41875 0.06015625 0.0796875
2 0.9359375 0.53515625 0.078125 0.09140625
2 0.7390625 0.53359375 0.109375 0.0765625
2 0.60234375 0.56796875 0.09296875 0.0609375
2 0.02578125 0.5546875 0.0515625 0.08125