2 0.03984375 0.49921875 0.05546875 0.1
2 0.10625 0.55234375 0.0609375 0.1015625
2 0.1765625 0.59140625 0.06171875 0.08359375
2 0.0328125 0.621875 0.065625 0.0625
2 0.16796875 0.44453125 0.07109375 0.0640625
2 0.23671875 0.50390625 0.09375 0.06796875
2 0.31484375 0.5703125 0.10078125 0.07109375
2 0.45703125 0.54140625 0.05390625 0.08046875
2 0.53828125 0.59921875 0.0671875 0.07109375
2 0.73515625 0.596875 0.06640625 0.0703125
2 0.61328125 0.50625 0.06328125 0.06484375
2 0.93359375 0.46484375 0.06171875 0.08203125
2 0.98359375 0.49609375 0.0328125 0.08359375
0 0.75859375 0.47109375 0.04375 0.0640625
0 0.89296875 0.63984375 0.06171875 0.08046875
2 0.61875 0.63671875 0.06796875 0.06796875
2 0.35078125 0.44609375 0.0640625 0.07109375
2 0.41015625 0.49921875 0.06015625 0.05859375