0 0.44921875 0.590625 0.05546875 0.09375
0 0.82109375 0.63359375 0.0765625 0.1203125
0 0.8953125 0.46875 0.04765625 0.0703125
0 0.6265625 0.61484375 0.05546875 0.078125
2 0.3953125 0.53671875 0.07578125 0.10546875
2 0.49453125 0.4984375 0.08359375 0.115625
2 0.1765625 0.49609375 0.10703125 0.11875
2 0.671875 0.521875 0.09453125 0.09609375
2 0.859375 0.54140625 0.07578125 0.09609375
2 0.5625 0.56171875 0.0640625 0.09453125
2 0.27265625 0.45703125 0.07578125 0.1140625
2 0.0828125 0.41640625 0.0796875 0.11484375