0 0.4015625 0.4890625 0.0703125 0.1
0 0.54140625 0.4578125 0.06328125 0.0859375
0 0.70078125 0.428125 0.0828125 0.075
0 0.79296875 0.40234375 0.0421875 0.05859375
0 0.88828125 0.4234375 0.07421875 0.140625
0 0.0859375 0.52421875 0.04921875 0.075
0 0.01796875 0.45859375 0.0359375 0.0703125
0 0.2828125 0.4109375 0.06015625 0.103125
0 0.44453125 0.37734375 0.04609375 0.0546875
2 0.125 0.41796875 0.0703125 0.08671875
2 0.18359375 0.45859375 0.06796875 0.10546875
2 0.24140625 0.51171875 0.0671875 0.096875
2 0.04765625 0.50234375 0.046875 0.06875
2 0.34296875 0.45 0.0484375 0.1046875
2 0.3140625 0.5578125 0.05859375 0.08984375
2 0.796875 0.50625 0.08203125 0.1046875
2 0.8734375 0.56328125 0.08203125 0.1109375
2 0.734375 0.590625 0.08671875 0.08125