2 0.04140625 0.5078125 0.06953125 0.11640625
2 0.06953125 0.403125 0.07421875 0.08984375
2 0.1390625 0.45078125 0.075 0.10078125
2 0.11640625 0.5625 0.08046875 0.08125
2 0.25234375 0.39375 0.0734375 0.06796875
2 0.3265625 0.45 0.10234375 0.08203125
2 0.446875 0.39921875 0.10390625 0.07890625
2 0.71953125 0.45859375 0.084375 0.08203125
2 0.81875 0.54140625 0.08515625 0.08359375
2 0.88203125 0.43828125 0.08515625 0.08125
0 0.5859375 0.60546875 0.078125 0.06328125
0 0.584375 0.37421875 0.06796875 0.09609375
0 0.72109375 0.36796875 0.03671875 0.05625
0 0.34609375 0.57109375 0.0546875 0.07109375
2 0.9703125 0.5171875 0.05859375 0.1046875
2 0.2328125 0.51328125 0.06484375 0.08515625