2 0.02578125 0.44609375 0.0359375 0.05625
2 0.11484375 0.459375 0.07421875 0.08203125
2 0.20234375 0.46875 0.0828125 0.090625
2 0.29609375 0.48203125 0.09296875 0.09453125
2 0.39765625 0.49453125 0.08828125 0.08515625
2 0.46796875 0.55390625 0.06484375 0.071875
2 0.4953125 0.50625 0.07734375 0.06953125
2 0.565625 0.56484375 0.08671875 0.0859375
2 0.59140625 0.51796875 0.0765625 0.0734375
2 0.68046875 0.5890625 0.06015625 0.06875
2 0.70234375 0.534375 0.07421875 0.07421875
2 0.7734375 0.59609375 0.06015625 0.06328125
2 0.79765625 0.55078125 0.053125 0.06640625
2 0.84609375 0.59609375 0.05078125 0.06953125
2 0.90703125 0.56796875 0.06328125 0.06796875
2 0.95703125 0.6125 0.06796875 0.0703125
2 0.98125 0.5703125 0.03671875 0.06171875