2 0.01796875 0.49609375 0.0359375 0.05703125
2 0.053125 0.44453125 0.08515625 0.0703125
2 0.14140625 0.4390625 0.09140625 0.06171875
2 0.25 0.44375 0.08359375 0.0734375
2 0.20390625 0.49765625 0.07421875 0.04609375
2 0.10703125 0.5078125 0.08515625 0.0484375
2 0.30625 0.50078125 0.06953125 0.0515625
2 0.34609375 0.44296875 0.075 0.06640625
2 0.4015625 0.49140625 0.0671875 0.06015625
2 0.44921875 0.44453125 0.06796875 0.0703125
2 0.50390625 0.4921875 0.0703125 0.0703125
2 0.540625 0.4453125 0.06484375 0.06953125
2 0.59296875 0.4828125 0.05625 0.06015625
2 0.6578125 0.45703125 0.06171875 0.084375
2 0.7640625 0.4546875 0.078125 0.084375
2 0.88828125 0.471875 0.1046875 0.0953125
2 0.96484375 0.45703125 0.0703125 0.08359375