2 0.01328125 0.44375 0.0265625 0.0703125
2 0.0390625 0.48046875 0.05703125 0.06796875
2 0.0765625 0.4421875 0.0578125 0.06796875
2 0.11796875 0.47578125 0.0578125 0.071875
2 0.17421875 0.45390625 0.0640625 0.06640625
2 0.22890625 0.49453125 0.075 0.07109375
2 0.28359375 0.471875 0.06328125 0.065625
2 0.34453125 0.525 0.08203125 0.08359375
2 0.440625 0.5265625 0.08046875 0.0953125
2 0.51640625 0.5140625 0.09609375 0.11171875
2 0.6234375 0.53203125 0.0953125 0.11328125
2 0.72421875 0.54765625 0.07109375 0.08359375
2 0.80234375 0.5359375 0.07421875 0.08359375
2 0.903125 0.54453125 0.0703125 0.09140625
2 0.94296875 0.58828125 0.06328125 0.0703125