2 0.0484375 0.45234375 0.05078125 0.06796875
2 0.1453125 0.46953125 0.06015625 0.0546875
2 0.10234375 0.4359375 0.05234375 0.053125
2 0.2 0.44921875 0.065625 0.06796875
2 0.2625 0.50078125 0.07734375 0.075
2 0.30234375 0.4640625 0.06171875 0.0703125
2 0.3609375 0.50859375 0.06328125 0.06953125
2 0.4140625 0.47421875 0.0796875 0.090625
2 0.48359375 0.53828125 0.07578125 0.084375
2 0.52109375 0.496875 0.09765625 0.09609375
2 0.60625 0.56171875 0.09296875 0.084375
2 0.62421875 0.50390625 0.084375 0.0703125
2 0.6828125 0.559375 0.065625 0.071875
2 0.7265625 0.52421875 0.0703125 0.07890625
2 0.8328125 0.54296875 0.07578125 0.0765625
2 0.93359375 0.54765625 0.0890625 0.0890625
2 0.9921875 0.54453125 0.01484375 0.0640625